# This file may be used to create an environment using:
# $ conda create --name <env> --file <this file>
# platform: win-64
backcall=0.2.0=pyh9f0ad1d_0
backports=1.0=py_2
backports.functools_lru_cache=1.6.4=pyhd8ed1ab_0
ca-certificates=2021.10.8=h5b45459_0
certifi=2021.10.8=py38haa244fe_1
click=8.0.3=py38haa244fe_1
colorama=0.4.4=pyh9f0ad1d_0
cycler=0.11.0=pyhd8ed1ab_0
dataclasses=0.8=pyhc8e2a94_3
debugpy=1.5.1=py38h885f38d_0
decorator=5.1.0=pyhd8ed1ab_0
entrypoints=0.3=pyhd8ed1ab_1003
flask=2.0.2=pyhd8ed1ab_0
freetype=2.10.4=h546665d_1
hdf5=1.10.4=nompi_hcc15c50_1106
icu=68.2=h0e60522_0
intel-openmp=2021.4.0=h57928b3_3556
ipykernel=6.5.0=py38h595d716_1
ipython=7.29.0=py38h595d716_2
itsdangerous=2.0.1=pyhd8ed1ab_0
jbig=2.1=h8d14728_2003
jedi=0.18.0=py38haa244fe_3
jinja2=3.0.3=pyhd8ed1ab_0
jpeg=9d=h8ffe710_0
jupyter_client=7.0.6=pyhd8ed1ab_0
jupyter_core=4.9.1=py38haa244fe_1
kiwisolver=1.3.2=py38hbd9d945_1
lcms2=2.12=h2a16943_0
lerc=3.0=h0e60522_0
libblas=3.9.0=12_win64_mkl
libcblas=3.9.0=12_win64_mkl
libclang=11.1.0=default_h5c34c98_1
libdeflate=1.8=h8ffe710_0
liblapack=3.9.0=12_win64_mkl
libopencv=4.0.1=hbb9e17c_0
libpng=1.6.37=h1d00b33_2
libsodium=1.0.18=h8d14728_1
libtiff=4.3.0=hd413186_2
libzlib=1.2.11=h8ffe710_1013
lz4-c=1.9.3=h8ffe710_1
markupsafe=2.0.1=py38h294d835_1
matplotlib=3.4.3=py38haa244fe_2
matplotlib-base=3.4.3=py38h1f000d6_2
matplotlib-inline=0.1.3=pyhd8ed1ab_0
mkl=2021.4.0=h0e2418a_729
nest-asyncio=1.5.1=pyhd8ed1ab_0
numpy=1.21.4=py38h089cfbf_0
olefile=0.46=pyh9f0ad1d_1
opencv=4.0.1=py38h2a7c758_0
openjpeg=2.4.0=hb211442_1
openssl=1.1.1l=h8ffe710_0
parso=0.8.2=pyhd8ed1ab_0
pickleshare=0.7.5=py_1003
pillow=8.4.0=py38h794f750_0
pip=21.3.1=pyhd8ed1ab_0
prompt-toolkit=3.0.22=pyha770c72_0
py-opencv=4.0.1=py38he44ac1e_0
pygments=2.10.0=pyhd8ed1ab_0
pyparsing=3.0.6=pyhd8ed1ab_0
pyqt=5.12.3=py38haa244fe_8
pyqt-impl=5.12.3=py38h885f38d_8
pyqt5-sip=4.19.18=py38h885f38d_8
pyqtchart=5.12=py38h885f38d_8
pyqtwebengine=5.12.1=py38h885f38d_8
python=3.8.12=h7840368_2_cpython
python-dateutil=2.8.2=pyhd8ed1ab_0
python_abi=3.8=2_cp38
pywin32=302=py38h294d835_2
pyzmq=22.3.0=py38h09162b1_1
qt=5.12.9=h5909a2a_4
setuptools=59.1.1=py38haa244fe_0
six=1.16.0=pyh6c4a22f_0
sqlite=3.36.0=h8ffe710_2
tbb=2021.4.0=h2d74725_1
tk=8.6.11=h8ffe710_1
tornado=6.1=py38h294d835_2
traitlets=5.1.1=pyhd8ed1ab_0
ucrt=10.0.20348.0=h57928b3_0
vc=14.2=hb210afc_5
vs2015_runtime=14.29.30037=h902a5da_5
wcwidth=0.2.5=pyh9f0ad1d_2
werkzeug=2.0.1=pyhd8ed1ab_0
wheel=0.37.0=pyhd8ed1ab_1
xz=5.2.5=h62dcd97_1
zeromq=4.3.4=h0e60522_1
zlib=1.2.11=h8ffe710_1013
zstd=1.5.0=h6255e5f_0
